Position: [0.0, 0.0, 100.0], Rotation: [0.0, 0.0, 0.0], Velocity: [0.0, 0.0, -0.1635], Thrust Rotation: (20595.036228, 21644.237137), Thrust Magnitude: 22406.178008
Position: [0.0, 0.0, 99.99936960134949], Rotation: [5.8089349596294415, 0.0, 0.0], Velocity: [-27.76067451832492, -27.760674518324915, 27.597174518324916], Thrust Rotation: (11169163.106009, 11731510.628604), Thrust Magnitude: 12151549.293988
Position: [-645.4922711176107, -645.4922711176105, -541.6911932307487], Rotation: [-5558.432763216392, 0.0, 0.0], Velocity: [167386.91611868914, 167386.91611868914, -167387.07961868914], Thrust Rotation: (4478523789.987669, 4701972330.931666), Thrust Magnitude: 4866264594.612189
fitness: 3
