Position: [0.0, 0.0, 100.0], Rotation: [0.0, 0.0, 0.0], Velocity: [0.0, 0.0, -0.1635], Thrust Rotation: (15707.465999, 32692.246246), Thrust Magnitude: 15652.347668
Position: [0.0, 0.0, 99.99649814676752], Rotation: [-8.483452623722114, 0.0, 0.0], Velocity: [-154.21005060437273, -154.21005060437273, 154.04655060437273], Thrust Rotation: (1165865.906001, 2423255.8139), Thrust Magnitude: 1161310.125979
Position: [-114.371170750245, -114.371170750245, -14.253411464243172], Rotation: [302.118808962867, 0.0, 0.0], Velocity: [5185.730025768405, 5185.730025768405, -5185.893525768404], Thrust Rotation: (565349879.473286, 1176668658.223764), Thrust Magnitude: 563056948.909291
fitness: 3
