Position: [0.0, 0.0, 100.0], Rotation: [0.0, 0.0, 0.0], Velocity: [0.0, 0.0, -0.1635], Thrust Rotation: (20453.885072, 21495.870409), Thrust Magnitude: 22252.766691
Position: [0.0, 0.0, 100.00200946198382], Rotation: [8.5545052665207, 0.0, 0.0], Velocity: [88.49006901206592, 88.49006901206592, -88.65356901206592], Thrust Rotation: (18374223.049266, 19298713.569979), Thrust Magnitude: 19987004.315552
Position: [-1947.278777073952, -1947.2787770739515, -1850.8746863796448], Rotation: [-12453.425369491952, 0.0, 0.0], Velocity: [-158351.96942504396, -158351.96942504394, 158351.80592504394], Thrust Rotation: (1672499272.499175, 1754910163.384208), Thrust Magnitude: 1819863977.583948
fitness: 3
