Position: [0.0, 0.0, 99.997275], Rotation: [45.281499999999994, 47.26733333333333, 3.8138213285797673], Velocity: [-304.6099071641076, 202.91612240448245, -342.9381596469069], Thrust Rotation: (2716.89, 2836.04), Thrust Magnitude: 3067.0
Position: [-5.0768317860684595, 3.381935373408041, 94.27891400588489], Rotation: [-81.69183333333334, -88.62983333333332, 3.8138213285797673], Velocity: [1143.4998834572862, 148.12966891057906, -88.77414672283626], Thrust Rotation: (-7618.4, -8153.83), Thrust Magnitude: -8998.74
Position: [13.98149960488631, 5.8507631885843585, 92.79661989383762], Rotation: [460.2948333333334, 477.9585000000001, 3.8138213285797673], Velocity: [1784.1936925600555, 562.8215710073207, -6118.961890995415], Thrust Rotation: (32519.2, 33995.3), Thrust Magnitude: 37175.1
Position: [43.7180611475539, 15.231122705373036, -9.188803289419297], Rotation: [-711.1851666666666, -802.7998333333331, 3.8138213285797673], Velocity: [6016.915869848669, 11260.526966441188, 1302.097012545266], Thrust Rotation: (-70288.8, -76845.5), Thrust Magnitude: -83734.3
fitness: 4
